R = [125,171,24323,38037,67387,125963,206558,396695,579229,826869,1213515,1465973,1884054,2163815,2653410,3031562,3453339,3820098,4135091]
I = [6511,19649,16013,47660,90134,164879,278980,355087,476895,558789,548218,632192,698317,815986,733970,719655,640373,572438,521984]
D = [242,1140,2741,6410,11625,20082,29314,39797,50058,59656,70524,80251,91377,101136,111189,120498,127517,135857,142161]

alpha = 1.1251
beta = 1.8181
gamma = 0.591
delta = 0.053
lamb = 3.72*10**(-4)
mu = 1.76*10**(-4)
